Iter: 1 Error : 1
Iter: 101 Error : 0.0848557
Took 0.0115132 secs
